image_00000 319 219 337 242
image_00001 317 221 335 240
image_00002 317 219 337 241
image_00003 318 216 336 243
image_00004 318 218 336 242
image_00005 318 218 337 243
image_00006 318 217 338 243
image_00007 316 215 345 240
image_00008 317 217 341 239
image_00009 314 213 345 243
image_00010 316 211 344 242
image_00011 315 211 341 243
image_00012 312 213 342 245
image_00013 312 213 342 243
image_00014 312 211 343 242
image_00015 315 209 346 247
image_00016 310 200 359 245
image_00017 309 200 357 245
image_00018 309 201 366 245
image_00019 306 203 366 248
image_00020 310 201 359 247
image_00021 310 202 361 248
image_00022 309 203 362 250
image_00023 306 202 365 248
image_00024 308 200 365 250
image_00025 306 199 368 248
image_00026 307 201 364 250
image_00027 307 201 361 251
image_00028 307 199 365 252
image_00029 305 200 365 250
image_00030 306 200 365 251
image_00031 307 201 364 250
image_00032 328 201 361 254
image_00033 332 198 361 255
image_00034 330 200 363 256
image_00035 333 199 363 254
image_00036 334 200 371 251
image_00037 334 202 372 250
image_00038 330 200 367 251
image_00039 332 200 370 253
image_00040 331 202 371 251
image_00041 334 202 372 253
image_00042 332 200 370 253
image_00043 333 198 372 253
image_00044 333 197 372 251
image_00045 334 196 371 253
image_00046 332 194 372 251
image_00047 332 194 371 252
image_00048 339 194 371 226
image_00049 342 194 370 223
image_00050 341 194 370 234
image_00051 340 195 370 223
image_00052 344 196 369 221
image_00053 344 196 373 221
image_00054 344 195 371 220
image_00055 344 194 372 218
image_00056 344 195 370 219
image_00057 348 193 373 217
image_00058 350 195 371 216
image_00059 350 195 370 216
image_00060 350 194 369 217
image_00061 347 194 369 214
image_00062 350 195 367 213
image_00063 350 195 367 216
